0.005199
0.002836
0.002363
0.002363
0.002363
0.002364
0.00189
0.002363
0.002363
0.002363
0.002363
0.002363
0.002363
0.00189
0.002364
0.00189
0.002836
0.002363
0.002363
0.002363
0.00189
0.00189
0.002363
0.002363
0.002363
0.002836
0.001891
0.002363
0.001891
0.001891
0.002363
0.002363
0.001891
0.002363
0.002363
0.001891
0.002363
0.00189
0.002363
0.00189
0.00189
0.002363
0.00189
0.002363
0.001891
0.002363
0.002363
0.002363
0.002363
0.002363
0.002363
0.002363
0.002363
0.002363
0.002836
0.002363
0.002363
0.002363
0.002363
0.002363
0.002363
0.001891
0.001891
0.00189
0.002363
0.002363
0.00189
0.00189
0.002363
0.001891
0.002363
0.002364
0.002363
0.001891
0.002364
0.002363
0.002363
0.002363
0.001891
0.002363
0.00189
0.002363
0.00189
0.002363
0.002363
0.002363
0.002363
0.002363
0.002836
0.00189
0.002363
0.002363
0.002363
0.004253
0.002363
0.002363
0.002363
0.002363
0.002363
0.002363
